#EdgeSiPMs
1000
1001
1002
1003
1004
1005
1011
1017
1023
1029
1035
2000
2001
2002
2003
2004
2005
3000
3001
3002
3003
3004
3005
4000
4001
4002
4003
4004
4005
5000
5001
5002
5003
5004
5005
6000
6001
6002
6003
6004
6005
6006
6012
6018
6024
6030
7000
7001
7002
7003
7004
7005
7011
7017
7023
7029
7035
8002
8003
8004
8005
14000
14001
14002
14003
15000
15001
15002
15003
15004
15005
15006
15012
15018
15024
15030
16002
16003
16004
16005
16011
16017
16023
16029
16035
25000
25001
25002
25003
25006
25012
25018
25024
25030
26002
26003
26004
26005
26011
26017
26023
26029
26035
36000
36001
36002
36003
36006
36012
36018
36024
36030
37002
37003
37004
37005
37011
37017
37023
37029
37032
37033
37034
37035
48000
48001
48002
48003
48006
48012
48018
48024
48030
48031
48032
48033
49005
49011
49017
49023
49029
49035
59000
59006
59012
59018
59024
59030
60002
60003
60004
60005
60011
60017
60023
60029
60032
60033
60034
60035
71000
71001
71002
71003
71006
71012
71018
71024
71030
71031
71032
71033
72005
72011
72017
72023
72029
72032
72033
72034
72035
82000
82006
82012
82018
82024
82030
82031
82032
82033
83005
83011
83017
83023
83029
83032
83033
83034
83035
92000
92006
92012
92018
92024
92030
92031
92032
92033
93005
93011
93017
93023
93029
93030
93031
93032
93033
93034
93035
94032
94033
94034
94035
100030
100031
100032
100033
101000
101006
101012
101018
101024
101030
101031
101032
101033
101034
101035
102005
102011
102017
102023
102029
102030
102031
102032
102033
102034
102035
103030
103031
103032
103033
103034
103035
104030
104031
104032
104033
104034
104035
105030
105031
105032
105033
105034
105035
106030
106031
106032
106033
106034
106035
107000
107006
107012
107018
107024
107030
107031
107032
107033
107034
107035
