#EdgeSiPMs
1000
1001
1002
1003
1007
1011
1015
2000
2001
2002
2003
3000
3001
3002
3003
4000
4001
4002
4003
5000
5001
5002
5003
6000
6001
6002
6003
6004
6008
6012
7000
7001
7002
7003
7007
7011
7015
8001
8002
8003
14000
14001
14002
15000
15001
15002
15003
15004
15008
15012
16001
16002
16003
16007
16011
16015
25000
25001
25002
25004
25008
25012
26001
26002
26003
26007
26011
26015
36000
36001
36002
36004
36008
36012
37001
37002
37003
37007
37011
37013
37014
37015
48000
48001
48002
48004
48008
48012
48013
48014
49003
49007
49011
49015
59000
59004
59008
59012
60001
60002
60003
60007
60011
60013
60014
60015
71000
71001
71002
71004
71008
71012
71013
71014
72003
72007
72011
72013
72014
72015
82000
82004
82008
82012
82013
82014
83003
83007
83011
83013
83014
83015
92000
92004
92008
92012
92013
92014
93003
93007
93011
93012
93013
93014
93015
94013
94014
94015
100012
100013
100014
101000
101004
101008
101012
101013
101014
101015
102003
102007
102011
102012
102013
102014
102015
103012
103013
103014
103015
104012
104013
104014
104015
105012
105013
105014
105015
106012
106013
106014
106015
107000
107004
107008
107012
107013
107014
107015
