#EdgeSiPMs
1000
1001
1002
1003
1004
1005
1006
1007
1008
1009
1010
1011
1012
1013
1014
1015
1031
1047
1063
1079
1095
1111
1127
1143
1159
1175
1191
1207
1223
1239
1255
2000
2001
2002
2003
2004
2005
2006
2007
2008
2009
2010
2011
2012
2013
2014
2015
3000
3001
3002
3003
3004
3005
3006
3007
3008
3009
3010
3011
3012
3013
3014
3015
4000
4001
4002
4003
4004
4005
4006
4007
4008
4009
4010
4011
4012
4013
4014
4015
5000
5001
5002
5003
5004
5005
5006
5007
5008
5009
5010
5011
5012
5013
5014
5015
6000
6001
6002
6003
6004
6005
6006
6007
6008
6009
6010
6011
6012
6013
6014
6015
6016
6032
6048
6064
6080
6096
6112
6128
6144
6160
6176
6192
6208
6224
6240
7000
7001
7002
7003
7004
7005
7006
7007
7008
7009
7010
7011
7012
7013
7014
7015
7031
7047
7063
7079
7095
7111
7127
7143
7159
7175
7191
7207
7223
7239
7255
8007
8008
8009
8010
8011
8012
8013
8014
8015
14000
14001
14002
14003
14004
14005
14006
14007
14008
15000
15001
15002
15003
15004
15005
15006
15007
15008
15009
15010
15011
15012
15013
15014
15015
15016
15032
15048
15064
15080
15096
15112
15128
15144
15160
15176
15192
15208
15224
15240
16007
16008
16009
16010
16011
16012
16013
16014
16015
16031
16047
16063
16079
16095
16111
16127
16143
16159
16175
16191
16207
16223
16239
16255
25000
25001
25002
25003
25004
25005
25006
25007
25008
25016
25032
25048
25064
25080
25096
25112
25128
25144
25160
25176
25192
25208
25224
25240
26007
26008
26009
26010
26011
26012
26013
26014
26015
26031
26047
26063
26079
26095
26111
26127
26143
26159
26175
26191
26207
26223
26239
26255
36000
36001
36002
36003
36004
36005
36006
36007
36008
36016
36032
36048
36064
36080
36096
36112
36128
36144
36160
36176
36192
36208
36224
36240
37007
37008
37009
37010
37011
37012
37013
37014
37015
37031
37047
37063
37079
37095
37111
37127
37143
37159
37175
37191
37207
37223
37239
37247
37248
37249
37250
37251
37252
37253
37254
37255
48000
48001
48002
48003
48004
48005
48006
48007
48008
48016
48032
48048
48064
48080
48096
48112
48128
48144
48160
48176
48192
48208
48224
48240
48241
48242
48243
48244
48245
48246
48247
48248
49015
49031
49047
49063
49079
49095
49111
49127
49143
49159
49175
49191
49207
49223
49239
49255
59000
59016
59032
59048
59064
59080
59096
59112
59128
59144
59160
59176
59192
59208
59224
59240
60007
60008
60009
60010
60011
60012
60013
60014
60015
60031
60047
60063
60079
60095
60111
60127
60143
60159
60175
60191
60207
60223
60239
60247
60248
60249
60250
60251
60252
60253
60254
60255
71000
71001
71002
71003
71004
71005
71006
71007
71008
71016
71032
71048
71064
71080
71096
71112
71128
71144
71160
71176
71192
71208
71224
71240
71241
71242
71243
71244
71245
71246
71247
71248
72015
72031
72047
72063
72079
72095
72111
72127
72143
72159
72175
72191
72207
72223
72239
72247
72248
72249
72250
72251
72252
72253
72254
72255
82000
82016
82032
82048
82064
82080
82096
82112
82128
82144
82160
82176
82192
82208
82224
82240
82241
82242
82243
82244
82245
82246
82247
82248
83015
83031
83047
83063
83079
83095
83111
83127
83143
83159
83175
83191
83207
83223
83239
83247
83248
83249
83250
83251
83252
83253
83254
83255
92000
92016
92032
92048
92064
92080
92096
92112
92128
92144
92160
92176
92192
92208
92224
92240
92241
92242
92243
92244
92245
92246
92247
92248
93015
93031
93047
93063
93079
93095
93111
93127
93143
93159
93175
93191
93207
93223
93239
93240
93241
93242
93243
93244
93245
93246
93247
93248
93249
93250
93251
93252
93253
93254
93255
94247
94248
94249
94250
94251
94252
94253
94254
94255
100240
100241
100242
100243
100244
100245
100246
100247
100248
101000
101016
101032
101048
101064
101080
101096
101112
101128
101144
101160
101176
101192
101208
101224
101240
101241
101242
101243
101244
101245
101246
101247
101248
101249
101250
101251
101252
101253
101254
101255
102015
102031
102047
102063
102079
102095
102111
102127
102143
102159
102175
102191
102207
102223
102239
102240
102241
102242
102243
102244
102245
102246
102247
102248
102249
102250
102251
102252
102253
102254
102255
103240
103241
103242
103243
103244
103245
103246
103247
103248
103249
103250
103251
103252
103253
103254
103255
104240
104241
104242
104243
104244
104245
104246
104247
104248
104249
104250
104251
104252
104253
104254
104255
105240
105241
105242
105243
105244
105245
105246
105247
105248
105249
105250
105251
105252
105253
105254
105255
106240
106241
106242
106243
106244
106245
106246
106247
106248
106249
106250
106251
106252
106253
106254
106255
107000
107016
107032
107048
107064
107080
107096
107112
107128
107144
107160
107176
107192
107208
107224
107240
107241
107242
107243
107244
107245
107246
107247
107248
107249
107250
107251
107252
107253
107254
107255
