#r (mm) DE
0.0 0.00945643552092
0.53 0.00945635307917
1.06 0.00945626938367
1.59 0.00945618441966
2.12 0.00945609817247
2.65 0.00945601062749
3.18 0.00945592177024
3.71 0.0094558315863
4.24 0.00945574006137
4.77 0.00945564718122
5.3 0.00945555293172
5.83 0.00945545729881
6.36 0.00945536026855
6.89 0.00945526182706
7.42 0.00945516196057
7.95 0.00945506065539
8.48 0.00945495789791
9.01 0.00945485367463
9.54 0.00945474797211
10.07 0.00945464077701
10.6 0.00945453207609
11.13 0.00945442185617
11.66 0.00945431010418
12.19 0.00945419680711
12.72 0.00945408195207
13.25 0.00945396552623
13.78 0.00945384751685
14.31 0.00945372791127
14.84 0.00945360669693
15.37 0.00945348386134
15.9 0.00945335939209
16.43 0.00945323327688
16.96 0.00945310550345
17.49 0.00945297605967
18.02 0.00945284493345
18.55 0.00945271211281
19.08 0.00945257758584
19.61 0.00945244134072
20.14 0.0094523033657
20.67 0.00945216364912
21.2 0.0094520221794
21.73 0.00945187894503
22.26 0.00945173393458
22.79 0.00945158713673
23.32 0.00945143854019
23.85 0.00945128813379
24.38 0.00945113590642
24.91 0.00945098184706
25.44 0.00945082594474
25.97 0.0094506681886
26.5 0.00945050856784
27.03 0.00945034707175
27.56 0.00945018368968
28.09 0.00945001841107
28.62 0.00944985122543
29.15 0.00944968212234
29.68 0.00944951109148
30.21 0.00944933812256
30.74 0.00944916320542
31.27 0.00944898632993
31.8 0.00944880748605
32.33 0.00944862666383
32.86 0.00944844385336
33.39 0.00944825904484
33.92 0.00944807222851
34.45 0.0094478833947
34.98 0.00944769253382
35.51 0.00944749963633
36.04 0.00944730469278
36.57 0.00944710769378
37.1 0.00944690863002
37.63 0.00944670749226
38.16 0.00944650427132
38.69 0.0094462989581
39.22 0.00944609154357
39.75 0.00944588201876
40.28 0.00944567037479
40.81 0.00944545660281
41.34 0.00944524069409
41.87 0.00944502263993
42.4 0.00944480243171
42.93 0.00944458006087
43.46 0.00944435551894
43.99 0.00944412879749
44.52 0.00944389988817
45.05 0.00944366878269
45.58 0.00944343547285
46.11 0.00944319995047
46.64 0.00944296220748
47.17 0.00944272223586
47.7 0.00944248002763
48.23 0.00944223557492
48.76 0.00944198886988
49.29 0.00944173990476
49.82 0.00944148867185
50.35 0.00944123516352
50.88 0.00944097937218
51.41 0.00944072129033
51.94 0.0094404609105
52.47 0.00944019822533
53.0 0.00943993322746
53.53 0.00943966590965
54.06 0.00943939626468
54.59 0.00943912428541
55.12 0.00943884996476
55.65 0.0094385732957
56.18 0.00943829427127
56.71 0.00943801288456
57.24 0.00943772912873
57.77 0.00943744299699
58.3 0.00943715448261
58.83 0.00943686357893
59.36 0.00943657027933
59.89 0.00943627457725
60.42 0.0094359764662
60.95 0.00943567593975
61.48 0.00943537299149
62.01 0.00943506761512
62.54 0.00943475980435
63.07 0.00943444955298
63.6 0.00943413685483
64.13 0.00943382170381
64.66 0.00943350409387
65.19 0.009433184019
65.72 0.00943286147327
66.25 0.0094325364508
66.78 0.00943220894573
67.31 0.0094318789523
67.84 0.00943154646478
68.37 0.00943121147748
68.9 0.00943087398479
69.43 0.00943053398114
69.96 0.00943019146099
70.49 0.0094298464189
71.02 0.00942949884942
71.55 0.00942914874721
72.08 0.00942879610694
72.61 0.00942844092335
73.14 0.00942808319122
73.67 0.00942772290537
74.2 0.0094273600607
74.73 0.00942699465213
75.26 0.00942662667465
75.79 0.00942625612327
76.32 0.00942588299307
76.85 0.00942550727918
77.38 0.00942512897677
77.91 0.00942474808104
78.44 0.00942436458727
78.97 0.00942397849076
79.5 0.00942358978687
80.03 0.009423198471
80.56 0.00942280453859
81.09 0.00942240798514
81.62 0.00942200880618
82.15 0.0094216069973
82.68 0.00942120255411
83.21 0.00942079547228
83.74 0.00942038574754
84.27 0.00941997337562
84.8 0.00941955835233
85.33 0.0094191406735
85.86 0.00941872033503
86.39 0.00941829733283
86.92 0.00941787166288
87.45 0.00941744332116
87.98 0.00941701230375
88.51 0.00941657860671
89.04 0.00941614222619
89.57 0.00941570315835
90.1 0.00941526139939
90.63 0.00941481694557
91.16 0.00941436979318
91.69 0.00941391993853
92.22 0.009413467378
92.75 0.00941301210798
93.28 0.00941255412491
93.81 0.00941209342527
94.34 0.00941163000559
94.87 0.00941116386239
95.4 0.00941069499229
95.93 0.00941022339189
96.46 0.00940974905786
96.99 0.0094092719869
97.52 0.00940879217573
98.05 0.00940830962112
98.58 0.00940782431987
99.11 0.00940733626883
99.64 0.00940684546484
100.17 0.00940635190483
100.7 0.00940585558572
101.23 0.00940535650448
101.76 0.00940485465811
102.29 0.00940435004366
102.82 0.00940384265818
103.35 0.00940333249877
103.88 0.00940281956257
104.41 0.00940230384673
104.94 0.00940178534844
105.47 0.00940126406494
106.0 0.00940073999346
106.53 0.0094002131313
107.06 0.00939968347577
107.59 0.0093991510242
108.12 0.00939861577397
108.65 0.00939807772247
109.18 0.00939753686714
109.71 0.00939699320543
110.24 0.00939644673483
110.77 0.00939589745283
111.3 0.00939534535699
111.83 0.00939479044487
112.36 0.00939423271405
112.89 0.00939367216216
113.42 0.00939310878683
113.95 0.00939254258575
114.48 0.00939197355659
115.01 0.00939140169708
115.54 0.00939082700497
116.07 0.00939024947802
116.6 0.00938966911402
117.13 0.00938908591079
117.66 0.00938849986616
118.19 0.00938791097801
118.72 0.00938731924421
119.25 0.00938672466266
119.78 0.00938612723131
120.31 0.0093855269481
120.84 0.009384923811
121.37 0.009384317818
121.9 0.00938370896713
122.43 0.00938309725641
122.96 0.0093824826839
123.49 0.00938186524767
124.02 0.00938124494582
124.55 0.00938062177647
125.08 0.00937999573773
125.61 0.00937936682778
126.14 0.00937873504477
126.67 0.00937810038689
127.2 0.00937746285236
127.73 0.00937682243938
128.26 0.0093761791462
128.79 0.00937553297109
129.32 0.0093748839123
129.85 0.00937423196813
130.38 0.00937357713688
130.91 0.00937291941688
131.44 0.00937225880646
131.97 0.00937159530397
132.5 0.00937092890778
133.03 0.00937025961625
133.56 0.0093695874278
134.09 0.00936891234082
134.62 0.00936823435373
135.15 0.00936755346497
135.68 0.00936686967299
136.21 0.00936618297623
136.74 0.00936549337318
137.27 0.0093648008623
137.8 0.0093641054421
138.33 0.00936340711108
138.86 0.00936270586776
139.39 0.00936200171066
139.92 0.00936129463831
140.45 0.00936058464926
140.98 0.00935987174207
141.51 0.0093591559153
142.04 0.00935843716752
142.57 0.00935771549732
143.1 0.00935699090328
143.63 0.00935626338401
144.16 0.00935553293811
144.69 0.00935479956418
145.22 0.00935406326086
145.75 0.00935332402677
146.28 0.00935258186054
146.81 0.0093518367608
147.34 0.00935108872622
147.87 0.00935033775543
148.4 0.00934958384708
148.93 0.00934882699985
149.46 0.0093480672124
149.99 0.00934730448339
150.52 0.0093465388115
151.05 0.0093457701954
151.58 0.00934499863377
152.11 0.0093442241253
152.64 0.00934344666867
153.17 0.00934266626257
153.7 0.00934188290569
154.23 0.00934109659671
154.76 0.00934030733434
155.29 0.00933951511726
155.82 0.00933871994417
156.35 0.00933792181376
156.88 0.00933712072474
157.41 0.00933631667578
157.94 0.00933550966559
158.47 0.00933469969286
159.0 0.00933388675629
159.53 0.00933307085455
160.06 0.00933225198635
160.59 0.00933143015037
161.12 0.00933060534528
161.65 0.00932977756979
162.18 0.00932894682255
162.71 0.00932811310225
163.24 0.00932727640756
163.77 0.00932643673715
164.3 0.00932559408967
164.83 0.0093247484638
165.36 0.00932389985818
165.89 0.00932304827145
166.42 0.00932219370228
166.95 0.00932133614928
167.48 0.00932047561109
168.01 0.00931961208634
168.54 0.00931874557364
169.07 0.00931787607161
169.6 0.00931700357884
170.13 0.00931612809393
170.66 0.00931524961548
171.19 0.00931436814205
171.72 0.00931348367222
172.25 0.00931259620455
172.78 0.00931170573759
173.31 0.00931081226988
173.84 0.00930991579996
174.37 0.00930901632635
174.9 0.00930811384756
175.43 0.00930720836208
175.96 0.00930629986842
176.49 0.00930538836504
177.02 0.00930447385041
177.55 0.00930355632299
178.08 0.00930263578122
178.61 0.00930171222352
179.14 0.00930078564832
179.67 0.00929985605401
180.2 0.00929892343898
180.73 0.00929798780161
181.26 0.00929704914026
181.79 0.00929610745327
182.32 0.00929516273897
182.85 0.00929421499568
183.38 0.00929326422169
183.91 0.0092923104153
184.44 0.00929135357476
184.97 0.00929039369833
185.5 0.00928943078425
186.03 0.00928846483072
186.56 0.00928749583596
187.09 0.00928652379813
187.62 0.00928554871541
188.15 0.00928457058594
188.68 0.00928358940784
189.21 0.00928260517922
189.74 0.00928161789818
190.27 0.00928062756277
190.8 0.00927963417105
191.33 0.00927863772104
191.86 0.00927763821075
192.39 0.00927663563817
192.92 0.00927563000127
193.45 0.00927462129797
193.98 0.00927360952622
194.51 0.0092725946839
195.04 0.0092715767689
195.57 0.00927055577907
196.1 0.00926953171223
196.63 0.0092685045662
197.16 0.00926747433876
197.69 0.00926644102767
198.22 0.00926540463066
198.75 0.00926436514545
199.28 0.00926332256972
199.81 0.00926227690113
200.34 0.00926122813731
200.87 0.00926017627588
201.4 0.00925912131441
201.93 0.00925806325046
202.46 0.00925700208157
202.99 0.00925593780523
203.52 0.00925487041891
204.05 0.00925379992006
204.58 0.00925272630611
205.11 0.00925164957443
205.64 0.00925056972239
206.17 0.00924948674733
206.7 0.00924840064653
207.23 0.00924731141729
207.76 0.00924621905683
208.29 0.00924512356238
208.82 0.0092440249311
209.35 0.00924292316016
209.88 0.00924181824667
210.41 0.00924071018772
210.94 0.00923959898036
211.47 0.00923848462162
212.0 0.00923736710849
212.53 0.00923624643793
213.06 0.00923512260686
213.59 0.00923399561216
214.12 0.00923286545071
214.65 0.00923173211932
215.18 0.00923059561479
215.71 0.00922945593386
216.24 0.00922831307325
216.77 0.00922716702965
217.3 0.00922601779971
217.83 0.00922486538003
218.36 0.0092237097672
218.89 0.00922255095775
219.42 0.00922138894818
219.95 0.00922022373496
220.48 0.00921905531452
221.01 0.00921788368324
221.54 0.00921670883748
222.07 0.00921553077355
222.6 0.00921434948771
223.13 0.00921316497622
223.66 0.00921197723525
224.19 0.00921078626098
224.72 0.0092095920495
225.25 0.0092083945969
225.78 0.00920719389921
226.31 0.00920598995242
226.84 0.00920478275249
227.37 0.00920357229532
227.9 0.00920235857678
228.43 0.0092011415927
228.96 0.00919992133886
229.49 0.00919869781101
230.02 0.00919747100483
230.55 0.00919624091598
231.08 0.00919500754007
231.61 0.00919377087267
232.14 0.00919253090929
232.67 0.00919128764541
233.2 0.00919004107647
233.73 0.00918879119785
234.26 0.00918753800488
234.79 0.00918628149287
235.32 0.00918502165706
235.85 0.00918375849264
236.38 0.00918249199478
236.91 0.00918122215857
237.44 0.00917994897909
237.97 0.00917867245133
238.5 0.00917739257026
239.03 0.0091761093308
239.56 0.0091748227278
240.09 0.00917353275609
240.62 0.00917223941043
241.15 0.00917094268554
241.68 0.00916964257608
242.21 0.00916833907666
242.74 0.00916703218186
243.27 0.00916572188619
243.8 0.00916440818411
244.33 0.00916309107003
244.86 0.00916177053831
245.39 0.00916044658325
245.92 0.00915911919912
246.45 0.0091577883801
246.98 0.00915645412035
247.51 0.00915511641396
248.04 0.00915377525497
248.57 0.00915243063737
249.1 0.00915108255508
249.63 0.00914973100199
250.16 0.00914837597191
250.69 0.00914701745862
251.22 0.00914565545581
251.75 0.00914428995715
252.28 0.00914292095623
252.81 0.00914154844659
253.34 0.00914017242171
253.87 0.00913879287503
254.4 0.0091374097999
254.93 0.00913602318965
255.46 0.00913463303752
255.99 0.0091332393367
256.52 0.00913184208033
257.05 0.00913044126149
257.58 0.00912903687318
258.11 0.00912762890838
258.64 0.00912621735996
259.17 0.00912480222077
259.7 0.00912338348359
260.23 0.00912196114112
260.76 0.00912053518601
261.29 0.00911910561086
261.82 0.00911767240819
262.35 0.00911623557048
262.88 0.00911479509011
263.41 0.00911335095944
263.94 0.00911190317073
264.47 0.00911045171621
265.0 0.00910899658801
265.53 0.00910753777823
266.06 0.00910607527888
266.59 0.00910460908192
267.12 0.00910313917924
267.65 0.00910166556266
268.18 0.00910018822394
268.71 0.00909870715477
269.24 0.00909722234678
269.77 0.00909573379153
270.3 0.00909424148051
270.83 0.00909274540514
271.36 0.00909124555678
271.89 0.00908974192672
272.42 0.00908823450618
272.95 0.00908672328631
273.48 0.00908520825819
274.01 0.00908368941284
274.54 0.0090821667412
275.07 0.00908064023414
275.6 0.00907910988247
276.13 0.00907757567692
276.66 0.00907603760815
277.19 0.00907449566675
277.72 0.00907294984324
278.25 0.00907140012807
278.78 0.00906984651162
279.31 0.00906828898419
279.84 0.009066727536
280.37 0.00906516215722
280.9 0.00906359283792
281.43 0.00906201956813
281.96 0.00906044233777
282.49 0.0090588611367
283.02 0.00905727595472
283.55 0.00905568678153
284.08 0.00905409360677
284.61 0.00905249642001
285.14 0.00905089521072
285.67 0.00904928996833
286.2 0.00904768068215
286.73 0.00904606734144
287.26 0.00904444993539
287.79 0.0090428284531
288.32 0.00904120288358
288.85 0.00903957321579
289.38 0.00903793943858
289.91 0.00903630154076
290.44 0.00903465951102
290.97 0.009033013338
291.5 0.00903136301024
292.03 0.00902970851622
292.56 0.00902804984433
293.09 0.00902638698287
293.62 0.00902471992008
294.15 0.00902304864409
294.68 0.00902137314298
295.21 0.00901969340473
295.74 0.00901800941724
296.27 0.00901632116833
296.8 0.00901462864574
297.33 0.00901293183711
297.86 0.00901123073002
298.39 0.00900952531195
298.92 0.00900781557031
299.45 0.0090061014924
299.98 0.00900438306548
300.51 0.00900266027667
301.04 0.00900093311305
301.57 0.00899920156159
302.1 0.00899746560918
302.63 0.00899572524262
303.16 0.00899398044864
303.69 0.00899223121386
304.22 0.00899047752483
304.75 0.008988719368
305.28 0.00898695672974
305.81 0.00898518959634
306.34 0.00898341795398
306.87 0.00898164178877
307.4 0.00897986108671
307.93 0.00897807583374
308.46 0.00897628601569
308.99 0.00897449161831
309.52 0.00897269262724
310.05 0.00897088902806
310.58 0.00896908080623
311.11 0.00896726794713
311.64 0.00896545043607
312.17 0.00896362825822
312.7 0.00896180139871
313.23 0.00895996984253
313.76 0.00895813357462
314.29 0.0089562925798
314.82 0.0089544468428
315.35 0.00895259634826
315.88 0.00895074108074
316.41 0.00894888102467
316.94 0.00894701616442
317.47 0.00894514648424
318.0 0.00894327196831
318.53 0.00894139260069
319.06 0.00893950836536
319.59 0.00893761924619
320.12 0.00893572522698
320.65 0.00893382629139
321.18 0.00893192242302
321.71 0.00893001360536
322.24 0.0089280998218
322.77 0.00892618105564
323.3 0.00892425729006
323.83 0.00892232850817
324.36 0.00892039469296
324.89 0.00891845582733
325.42 0.00891651189407
325.95 0.00891456287589
326.48 0.00891260875539
327.01 0.00891064951505
327.54 0.00890868513727
328.07 0.00890671560436
328.6 0.00890474089849
329.13 0.00890276100177
329.66 0.00890077589617
330.19 0.00889878556359
330.72 0.00889678998581
331.25 0.00889478914451
331.78 0.00889278302126
332.31 0.00889077159754
332.84 0.00888875485472
333.37 0.00888673277405
333.9 0.00888470533669
334.43 0.00888267252371
334.96 0.00888063431604
335.49 0.00887859069454
336.02 0.00887654163993
336.55 0.00887448713285
337.08 0.00887242715383
337.61 0.00887036168326
338.14 0.00886829070148
338.67 0.00886621418867
339.2 0.00886413212493
339.73 0.00886204449025
340.26 0.0088599512645
340.79 0.00885785242746
341.32 0.00885574795877
341.85 0.00885363783799
342.38 0.00885152204456
342.91 0.00884940055781
343.44 0.00884727335695
343.97 0.00884514042109
344.5 0.00884300172924
345.03 0.00884085726027
345.56 0.00883870699296
346.09 0.00883655090597
346.62 0.00883438897786
347.15 0.00883222118705
347.68 0.00883004751187
348.21 0.00882786793054
348.74 0.00882568242114
349.27 0.00882349096167
349.8 0.00882129352999
350.33 0.00881909010385
350.86 0.00881688066089
351.39 0.00881466517865
351.92 0.00881244363452
352.45 0.00881021600581
352.98 0.00880798226968
353.51 0.0088057424032
354.04 0.00880349638331
354.57 0.00880124418684
355.1 0.0087989857905
355.63 0.00879672117088
356.16 0.00879445030445
356.69 0.00879217316757
357.22 0.00878988973648
357.75 0.00878759998729
358.28 0.008785303896
358.81 0.00878300143849
359.34 0.00878069259053
359.87 0.00877837732774
360.4 0.00877605562565
360.93 0.00877372745966
361.46 0.00877139280503
361.99 0.00876905163694
362.52 0.00876670393041
363.05 0.00876434966035
363.58 0.00876198880154
364.11 0.00875962132867
364.64 0.00875724721627
365.17 0.00875486643875
365.7 0.00875247897043
366.23 0.00875008478546
366.76 0.0087476838579
367.29 0.00874527616167
367.82 0.00874286167056
368.35 0.00874044035826
368.88 0.00873801219831
369.41 0.00873557716413
369.94 0.00873313522902
370.47 0.00873068636615
371.0 0.00872823054855
371.53 0.00872576774915
372.06 0.00872329794074
372.59 0.00872082109596
373.12 0.00871833718736
373.65 0.00871584618735
374.18 0.00871334806818
374.71 0.00871084280202
375.24 0.00870833036088
375.77 0.00870581071664
376.3 0.00870328384107
376.83 0.00870074970578
377.36 0.00869820828228
377.89 0.00869565954194
378.42 0.00869310345598
378.95 0.00869053999552
379.48 0.00868796913151
380.01 0.00868539083481
380.54 0.00868280507612
381.07 0.008680211826
381.6 0.00867761105492
382.13 0.00867500273316
382.66 0.0086723868309
383.19 0.0086697633182
383.72 0.00866713216494
384.25 0.0086644933409
384.78 0.00866184681572
385.31 0.0086591925589
385.84 0.0086565305398
386.37 0.00865386072765
386.9 0.00865118309155
387.43 0.00864849760046
387.96 0.00864580422318
388.49 0.00864310292841
389.02 0.00864039368469
389.55 0.00863767646042
390.08 0.00863495122388
390.61 0.0086322179432
391.14 0.00862947658637
391.67 0.00862672712124
392.2 0.00862396951553
392.73 0.00862120373681
393.26 0.00861842975251
393.79 0.00861564752993
394.32 0.00861285703623
394.85 0.0086100582384
395.38 0.00860725110334
395.91 0.00860443559775
396.44 0.00860161168824
396.97 0.00859877934125
397.5 0.00859593852308
398.03 0.00859308919989
398.56 0.00859023133771
399.09 0.00858736490239
399.62 0.00858448985967
400.15 0.00857682672401
400.68 0.00857459105066
401.21 0.00857235757852
401.74 0.00857012484246
402.27 0.00856789137269
402.8 0.00856565569687
403.33 0.00856341634188
403.86 0.00856117183628
404.39 0.00855892071204
404.92 0.00855666150631
405.45 0.00855439276369
405.98 0.0085521130377
406.51 0.00854982089277
407.04 0.00854751490588
407.57 0.00854519366826
408.1 0.00854285578711
408.63 0.00854049988709
409.16 0.00853812461212
409.69 0.00853572862639
410.22 0.00853331061642
410.75 0.00853086929193
411.28 0.00852840338761
411.81 0.00852591166429
412.34 0.00852339291023
412.87 0.00852084594218
413.4 0.0085182696069
413.93 0.00851566278208
414.46 0.00851302437738
414.99 0.00851035333575
415.52 0.00850764863393
416.05 0.00850490928401
416.58 0.00850213433392
417.11 0.0084993228683
417.64 0.00849647400971
418.17 0.00849358691865
418.7 0.00849066079528
419.23 0.00848769487912
419.76 0.00848468845035
420.29 0.0084816408301
420.82 0.00847855138088
421.35 0.00847541950749
421.88 0.00847224465707
422.41 0.0084690263195
422.94 0.00846576402816
423.47 0.00846245735971
424.0 0.00845910593464
424.53 0.00845570941763
425.06 0.00845226751723
425.59 0.00844877998656
426.12 0.00844524662276
426.65 0.00844166726771
427.18 0.00843804180737
427.71 0.0084343701722
428.24 0.00843065233661
428.77 0.00842688831929
429.3 0.00842307818258
429.83 0.00841922203257
430.36 0.00841532001842
430.89 0.00841137233228
431.42 0.00840737920898
431.95 0.0084033409254
432.48 0.00839925779997
433.01 0.00839513019219
433.54 0.00839095850239
434.07 0.00838674317032
434.6 0.00838248467546
435.13 0.00837818353556
435.66 0.00837384030621
436.19 0.00836945557984
436.72 0.00836502998525
437.25 0.00836056418623
437.78 0.00835605888101
438.31 0.00835151480093
438.84 0.00834693270977
439.37 0.00834231340234
439.9 0.00833765770353
440.43 0.00833296646715
440.96 0.00832824057476
441.49 0.00832348093381
442.02 0.00831868847738
442.55 0.00831386416193
443.08 0.00830900896647
443.61 0.00830412389055
444.14 0.00829920995322
444.67 0.00829426819154
445.2 0.00828929965833
445.73 0.00828430542143
446.26 0.00827928656121
446.79 0.00827424416953
447.32 0.00826917934747
447.85 0.00826409320359
448.38 0.00825898685228
448.91 0.00825386141181
449.44 0.00824871800201
449.97 0.00824355774279
450.5 0.00823838175157
451.03 0.00823319114169
451.56 0.00822798701984
452.09 0.00822277048399
452.62 0.0082175426216
453.15 0.00821230450625
453.68 0.00820705719665
454.21 0.00820180173334
454.74 0.00819653913639
455.27 0.00819127040328
455.8 0.00818599650617
456.33 0.00818071838929
456.86 0.00817543696645
457.39 0.00817015311827
457.92 0.00816486768949
458.45 0.00815958148644
458.98 0.00815429527398
459.51 0.00814900977277
460.04 0.00814372565636
460.57 0.00813844354823
461.1 0.00813316401897
461.63 0.00812788758315
462.16 0.00812261469622
462.69 0.00811734575118
463.22 0.00811208107604
463.75 0.00810682093005
464.28 0.00810156550051
464.81 0.00809631489976
465.34 0.00809106916168
465.87 0.00808582823798
466.4 0.00808059199542
466.93 0.00807536021161
467.46 0.00807013257211
467.99 0.0080649086665
468.52 0.00805968798463
469.05 0.00805446991343
469.58 0.00804925373254
470.11 0.00804403861126
470.64 0.0080388236042
471.17 0.00803360764764
471.7 0.00802838955561
472.23 0.00802316801603
472.76 0.00801794158642
473.29 0.00801270869013
473.82 0.00800746761224
474.35 0.00800221649542
474.88 0.0079969533355
475.41 0.00799167597762
475.94 0.00798638211153
476.47 0.00798106926796
477.0 0.00797573481345
477.53 0.00797037594635
478.06 0.00796498969246
478.59 0.00795957290028
479.12 0.00795412223662
479.65 0.00794863418194
480.18 0.00794310502559
480.71 0.00793753086149
481.24 0.00793190758309
481.77 0.00792623087841
482.3 0.00792049622575
482.83 0.00791469888852
483.36 0.00790883391014
483.89 0.00790289610936
484.42 0.00789688007512
484.95 0.0078907801617
485.48 0.0078845904833
486.01 0.00787830490884
486.54 0.00787191705727
487.07 0.00786542029193
487.6 0.00785880771518
488.13 0.00785207216335
488.66 0.00784520620141
489.19 0.00783820211705
489.72 0.00783105191554
490.25 0.00782374731453
490.78 0.00781627973789
491.31 0.00780864031023
491.84 0.00780081985168
492.37 0.00779280887167
492.9 0.00778459756351
493.43 0.00777617579833
493.96 0.00776753311937
494.49 0.0077586587361
495.02 0.00774954151858
495.55 0.00774016999062
496.08 0.00773053232487
496.61 0.00772061633567
497.14 0.00771040947374
497.67 0.00769989881956
498.2 0.00768907107748
498.73 0.00767791256918
499.26 0.00766640922746
499.79 0.00765454658978
500.32 0.00764230979238
500.85 0.0076296835629
501.38 0.00761665221487
501.91 0.00760319964051
502.44 0.00758930930428
502.97 0.00757496423666
503.5 0.00756014702675
504.03 0.00754483981625
504.56 0.00752902429223
505.09 0.00751268168059
505.62 0.0074957927389
506.15 0.00747833774981
506.68 0.00746029651409
507.21 0.00744164834318
507.74 0.00742237205279
508.27 0.00740244595515
508.8 0.00738184785263
509.33 0.00736055502974
509.86 0.00733854424663
510.39 0.00731579173103
510.92 0.00729227317186
511.45 0.00726796371107
511.98 0.00724283793663
512.51 0.00721686987501
513.04 0.00719003298359
513.57 0.00716230014293
514.1 0.00713364365004
514.63 0.00710403520911
515.16 0.00707344592563
515.69 0.00704184629731
516.22 0.0070092062071
516.75 0.00697549491466
517.28 0.00694068104953
517.81 0.00690473260177
518.34 0.00686761691544
518.87 0.00682930067922
519.4 0.00678974991976
519.93 0.00674892999269
520.46 0.00670680557395
520.99 0.0066633406531
521.52 0.00661849852377
522.05 0.00657224177619
522.58 0.00652453228804
523.11 0.00647533121701
523.64 0.00642459899126
524.17 0.00637229530217
524.7 0.00631837909493
525.23 0.00626280855999
525.76 0.00620554112539
526.29 0.00614653344672
526.82 0.00608574139923
527.35 0.00602312006935
527.88 0.00595862374492
528.41 0.00589220590713
528.94 0.00582381922154
529.47 0.0057534155286
