#r (mm) DE
0.0 0.00615570584126
0.215 0.00615563087044
0.43 0.00615555538129
0.645 0.00615547932794
0.86 0.00615540266557
1.075 0.00615532535035
1.29 0.00615524733946
1.505 0.00615516859104
1.72 0.00615508906419
1.935 0.00615500871898
2.15 0.00615492751638
2.365 0.00615484541827
2.58 0.00615476238745
2.795 0.00615467838758
3.01 0.00615459338318
3.225 0.00615450733964
3.44 0.00615442022317
3.655 0.00615433200079
3.87 0.00615424264035
4.085 0.00615415211047
4.3 0.00615406038056
4.515 0.00615396742077
4.73 0.00615387320203
4.945 0.00615377769597
5.16 0.00615368087498
5.375 0.00615358271211
5.59 0.00615348318115
5.805 0.00615338225654
6.02 0.0061532799134
6.235 0.00615317612752
6.45 0.0061530708753
6.665 0.00615296413381
6.88 0.0061528558807
7.095 0.00615274609426
7.31 0.00615263475335
7.525 0.00615252183744
7.74 0.00615240732655
7.955 0.00615229120127
8.17 0.00615217344274
8.385 0.00615205403263
8.6 0.00615193295314
8.815 0.00615181018701
9.03 0.00615168571745
9.245 0.0061515595282
9.46 0.00615143160345
9.675 0.0061513019279
9.89 0.0061511704867
10.105 0.00615103726546
10.32 0.00615090225022
10.535 0.00615076542749
10.75 0.00615062678417
10.965 0.0061504863076
11.18 0.00615034398553
11.395 0.0061501998061
11.61 0.00615005375784
11.825 0.00614990582969
12.04 0.00614975601092
12.255 0.00614960429119
12.47 0.00614945066052
12.685 0.00614929510927
12.9 0.00614913762815
13.115 0.00614897820819
13.33 0.00614881684076
13.545 0.00614865351752
13.76 0.00614848823047
13.975 0.00614832097191
14.19 0.00614815173441
14.405 0.00614798051085
14.62 0.00614780729438
14.835 0.00614763207842
15.05 0.00614745485668
15.265 0.0061472756231
15.48 0.00614709437189
15.695 0.0061469110975
15.91 0.00614672579463
16.125 0.0061465384582
16.34 0.00614634908336
16.555 0.00614615766549
16.77 0.00614596420018
16.985 0.00614576868322
17.2 0.00614557111063
17.415 0.0061453714786
17.63 0.00614516978353
17.845 0.00614496602198
18.06 0.00614476019073
18.275 0.00614455228671
18.49 0.00614434230703
18.705 0.00614413024895
18.92 0.00614391610992
19.135 0.00614369988751
19.35 0.00614348157946
19.565 0.00614326118367
19.78 0.00614303869814
19.995 0.00614281412105
20.21 0.00614258745068
20.425 0.00614235868545
20.64 0.0061421278239
20.855 0.0061418948647
21.07 0.00614165980661
21.285 0.00614142264853
21.5 0.00614118338944
21.715 0.00614094202843
21.93 0.0061406985647
22.145 0.00614045299753
22.36 0.00614020532629
22.575 0.00613995555046
22.79 0.00613970366956
23.005 0.00613944968323
23.22 0.00613919359117
23.435 0.00613893539315
23.65 0.00613867508902
23.865 0.00613841267868
24.08 0.00613814816211
24.295 0.00613788153934
24.51 0.00613761281047
24.725 0.00613734197562
24.94 0.00613706903501
25.155 0.00613679398886
25.37 0.00613651683747
25.585 0.00613623758117
25.8 0.00613595622032
26.015 0.00613567275534
26.23 0.00613538718666
26.445 0.00613509951475
26.66 0.00613480974013
26.875 0.00613451786332
27.09 0.00613422388487
27.305 0.00613392780536
27.52 0.00613362962539
27.735 0.00613332934557
27.95 0.00613302696654
28.165 0.00613272248894
28.38 0.00613241591343
28.595 0.00613210724067
28.81 0.00613179647135
29.025 0.00613148360613
29.24 0.00613116864572
29.455 0.00613085159079
29.67 0.00613053244203
29.885 0.00613021120013
30.1 0.00612988786577
30.315 0.00612956243964
30.53 0.00612923492241
30.745 0.00612890531474
30.96 0.0061285736173
31.175 0.00612823983073
31.39 0.00612790395567
31.605 0.00612756599274
31.82 0.00612722594255
32.035 0.00612688380569
32.25 0.00612653958273
32.465 0.00612619327424
32.68 0.00612584488076
32.895 0.0061254944028
33.11 0.00612514184085
33.325 0.00612478719539
33.54 0.00612443046688
33.755 0.00612407165573
33.97 0.00612371076234
34.185 0.0061233477871
34.4 0.00612298273033
34.615 0.00612261559237
34.83 0.00612224637349
35.045 0.00612187507396
35.26 0.006121501694
35.475 0.00612112623381
35.69 0.00612074869355
35.905 0.00612036907334
36.12 0.0061199873733
36.335 0.00611960359347
36.55 0.00611921773389
36.765 0.00611882979455
36.98 0.0061184397754
37.195 0.00611804767636
37.41 0.00611765349731
37.625 0.0061172572381
37.84 0.00611685889853
38.055 0.00611645847837
38.27 0.00611605597735
38.485 0.00611565139516
38.7 0.00611524473144
38.915 0.00611483598581
39.13 0.00611442515784
39.345 0.00611401224704
39.56 0.00611359725291
39.775 0.00611318017489
39.99 0.00611276101239
40.205 0.00611233976477
40.42 0.00611191643135
40.635 0.00611149101139
40.85 0.00611106350415
41.065 0.00611063390881
41.28 0.00611020222451
41.495 0.00610976845037
41.71 0.00610933258545
41.925 0.00610889462877
42.14 0.00610845457929
42.355 0.00610801243596
42.57 0.00610756819767
42.785 0.00610712186325
43.0 0.00610667343151
43.215 0.00610622290121
43.43 0.00610577027106
43.645 0.00610531553974
43.86 0.00610485870586
44.075 0.00610439976801
44.29 0.00610393872473
44.505 0.00610347557452
44.72 0.00610301031583
44.935 0.00610254294706
45.15 0.00610207346658
45.365 0.00610160187271
45.58 0.00610112816373
45.795 0.00610065233787
46.01 0.00610017439333
46.225 0.00609969432824
46.44 0.00609921214073
46.655 0.00609872782885
46.87 0.00609824139061
47.085 0.00609775282401
47.3 0.00609726212696
47.515 0.00609676929737
47.73 0.00609627433308
47.945 0.0060957772319
48.16 0.0060952779916
48.375 0.0060947766099
48.59 0.00609427308449
48.805 0.006093767413
49.02 0.00609325959305
49.235 0.00609274962218
49.45 0.00609223749792
49.665 0.00609172321775
49.88 0.0060912067791
50.095 0.00609068817937
50.31 0.00609016741593
50.525 0.00608964448608
50.74 0.00608911938712
50.955 0.00608859211627
51.17 0.00608806267075
51.385 0.0060875310477
51.6 0.00608699724427
51.815 0.00608646125752
52.03 0.00608592308451
52.245 0.00608538272226
52.46 0.00608484016772
52.675 0.00608429541783
52.89 0.0060837484695
53.105 0.00608319931958
53.32 0.00608264796489
53.535 0.00608209440222
53.75 0.00608153862833
53.965 0.00608098063992
54.18 0.00608042043368
54.395 0.00607985800624
54.61 0.00607929335423
54.825 0.0060787264742
55.04 0.00607815736271
55.255 0.00607758601624
55.47 0.00607701243128
55.685 0.00607643660426
55.9 0.00607585853158
56.115 0.0060752782096
56.33 0.00607469563467
56.545 0.00607411080307
56.76 0.00607352371109
56.975 0.00607293435496
57.19 0.00607234273088
57.405 0.00607174883502
57.62 0.00607115266351
57.835 0.00607055421248
58.05 0.00606995347799
58.265 0.00606935045609
58.48 0.00606874514278
58.695 0.00606813753406
58.91 0.00606752762588
59.125 0.00606691541415
59.34 0.00606630089476
59.555 0.00606568406358
59.77 0.00606506491644
59.985 0.00606444344913
60.2 0.00606381965743
60.415 0.00606319353709
60.63 0.0060625650838
60.845 0.00606193429327
61.06 0.00606130116113
61.275 0.00606066568302
61.49 0.00606002785455
61.705 0.00605938767126
61.92 0.00605874512872
62.135 0.00605810022243
62.35 0.00605745294787
62.565 0.00605680330051
62.78 0.00605615127578
62.995 0.00605549686908
63.21 0.00605484007579
63.425 0.00605418089126
63.64 0.00605351931081
63.855 0.00605285532973
64.07 0.0060521889433
64.285 0.00605152014676
64.5 0.00605084893532
64.715 0.00605017530418
64.93 0.0060494992485
65.145 0.00604882076342
65.36 0.00604813984406
65.575 0.00604745648549
65.79 0.00604677068278
66.005 0.00604608243097
66.22 0.00604539172506
66.435 0.00604469856005
66.65 0.00604400293089
66.865 0.00604330483251
67.08 0.00604260425982
67.295 0.00604190120772
67.51 0.00604119567106
67.725 0.00604048764466
67.94 0.00603977712336
68.155 0.00603906410192
68.37 0.00603834857511
68.585 0.00603763053766
68.8 0.00603690998429
69.015 0.00603618690968
69.23 0.0060354613085
69.445 0.00603473317538
69.66 0.00603400250493
69.875 0.00603326929175
70.09 0.0060325335304
70.305 0.00603179521542
70.52 0.00603105434132
70.735 0.0060303109026
70.95 0.00602956489372
71.165 0.00602881630912
71.38 0.00602806514324
71.595 0.00602731139045
71.81 0.00602655504513
72.025 0.00602579610162
72.24 0.00602503455425
72.455 0.00602427039732
72.67 0.00602350362509
72.885 0.00602273423181
73.1 0.00602196221172
73.315 0.006021187559
73.53 0.00602041026783
73.745 0.00601963033237
73.96 0.00601884774674
74.175 0.00601806250504
74.39 0.00601727460134
74.605 0.00601648402971
74.82 0.00601569078416
75.035 0.00601489485871
75.25 0.00601409624732
75.465 0.00601329494395
75.68 0.00601249094253
75.895 0.00601168423697
76.11 0.00601087482113
76.325 0.00601006268887
76.54 0.00600924783403
76.755 0.00600843025039
76.97 0.00600760993174
77.185 0.00600678687183
77.4 0.00600596106439
77.615 0.0060051325031
77.83 0.00600430118166
78.045 0.0060034670937
78.26 0.00600263023285
78.475 0.0060017905927
78.69 0.00600094816682
78.905 0.00600010294876
79.12 0.00599925493203
79.335 0.00599840411012
79.55 0.0059975504765
79.765 0.0059966940246
79.98 0.00599583474783
80.195 0.00599497263957
80.41 0.00599410769319
80.625 0.005993239902
80.84 0.00599236925931
81.055 0.00599149575839
81.27 0.00599061939248
81.485 0.00598974015481
81.7 0.00598885803856
81.915 0.0059879730369
82.13 0.00598708514295
82.345 0.00598619434982
82.56 0.00598530065058
82.775 0.00598440403829
82.99 0.00598350450595
83.205 0.00598260204656
83.42 0.00598169665308
83.635 0.00598078831844
83.85 0.00597987703553
84.065 0.00597896279723
84.28 0.00597804559637
84.495 0.00597712542578
84.71 0.00597620227821
84.925 0.00597527614644
85.14 0.00597434702316
85.355 0.00597341490108
85.57 0.00597247977284
85.785 0.00597154163108
86.0 0.00597060046838
86.215 0.00596965627731
86.43 0.0059687090504
86.645 0.00596775878015
86.86 0.00596680545901
87.075 0.00596584907943
87.29 0.00596488963381
87.505 0.0059639271145
87.72 0.00596296151386
87.935 0.00596199282417
88.15 0.00596102103771
88.365 0.00596004614671
88.58 0.00595906814337
88.795 0.00595808701986
89.01 0.0059571027683
89.225 0.0059561153808
89.44 0.00595512484941
89.655 0.00595413116617
89.87 0.00595313432306
90.085 0.00595213431204
90.3 0.00595113112503
90.515 0.00595012475392
90.73 0.00594911519055
90.945 0.00594810242673
91.16 0.00594708645423
91.375 0.00594606726481
91.59 0.00594504485015
91.805 0.00594401920192
92.02 0.00594299031174
92.235 0.0059419581712
92.45 0.00594092277185
92.665 0.0059398841052
92.88 0.00593884216272
93.095 0.00593779693584
93.31 0.00593674841595
93.525 0.00593569659441
93.74 0.00593464146254
93.955 0.00593358301159
94.17 0.00593252123281
94.385 0.00593145611739
94.6 0.00593038765648
94.815 0.00592931584118
95.03 0.00592824066256
95.245 0.00592716211166
95.46 0.00592608017944
95.675 0.00592499485686
95.89 0.0059239061348
96.105 0.00592281400413
96.32 0.00592171845566
96.535 0.00592061948014
96.75 0.00591951706831
96.965 0.00591841121084
97.18 0.00591730189836
97.395 0.00591618912147
97.61 0.00591507287069
97.825 0.00591395313654
98.04 0.00591282990946
98.255 0.00591170317985
98.47 0.00591057293807
98.685 0.00590943917442
98.9 0.00590830187917
99.115 0.00590716104254
99.33 0.00590601665468
99.545 0.00590486870571
99.76 0.00590371718569
99.975 0.00590256208465
100.19 0.00590140339255
100.405 0.00590024109929
100.62 0.00589907519476
100.835 0.00589790566875
101.05 0.00589673251104
101.265 0.00589555571132
101.48 0.00589437525926
101.695 0.00589319114446
101.91 0.00589200335646
102.125 0.00589081188476
102.34 0.00588961671881
102.555 0.00588841784797
102.77 0.0058872152616
102.985 0.00588600894895
103.2 0.00588479889924
103.415 0.00588358510163
103.63 0.00588236754523
103.845 0.00588114621907
104.06 0.00587992111215
104.275 0.00587869221338
104.49 0.00587745951163
104.705 0.0058762229957
104.92 0.00587498265434
105.135 0.00587373847623
105.35 0.00587249044999
105.565 0.00587123856417
105.78 0.00586998280726
105.995 0.00586872316771
106.21 0.00586745963386
106.425 0.00586619219402
106.64 0.00586492083641
106.855 0.00586364554921
107.07 0.00586236632051
107.285 0.00586108313834
107.5 0.00585979599065
107.715 0.00585850486535
107.93 0.00585720975024
108.145 0.00585591063308
108.36 0.00585460750155
108.575 0.00585330034324
108.79 0.00585198914568
109.005 0.00585067389633
109.22 0.00584935458258
109.435 0.00584803119172
109.65 0.00584670371097
109.865 0.0058453721275
110.08 0.00584403642836
110.295 0.00584269660055
110.51 0.00584135263097
110.725 0.00584000450646
110.94 0.00583865221375
111.155 0.00583729573951
111.37 0.00583593507031
111.585 0.00583457019265
111.8 0.00583320109292
112.015 0.00583182775744
112.23 0.00583045017244
112.445 0.00582906832406
112.66 0.00582768219834
112.875 0.00582629178123
113.09 0.00582489705859
113.305 0.00582349801619
113.52 0.0058220946397
113.735 0.00582068691468
113.95 0.00581927482661
114.165 0.00581785836087
114.38 0.00581643750272
114.595 0.00581501223733
114.81 0.00581358254978
115.025 0.00581214842502
115.24 0.0058107098479
115.455 0.00580926680318
115.67 0.00580781927549
115.885 0.00580636724935
116.1 0.00580491070918
116.315 0.00580344963928
116.53 0.00580198402383
116.745 0.00580051384689
116.96 0.00579903909242
117.175 0.00579755974424
117.39 0.00579607578606
117.605 0.00579458720146
117.82 0.00579309397388
118.035 0.00579159608667
118.25 0.00579009352301
118.465 0.00578858626598
118.68 0.0057870742985
118.895 0.00578555760338
119.11 0.00578403616328
119.325 0.00578250996071
119.54 0.00578097897807
119.755 0.00577944319759
119.97 0.00577790260136
120.185 0.00577635717133
120.4 0.0057748068893
120.615 0.0057732517369
120.83 0.00577169169564
121.045 0.00577012674684
121.26 0.00576855687168
121.475 0.00576698205118
121.69 0.00576540226618
121.905 0.00576381749736
122.12 0.00576222772526
122.335 0.00576063293021
122.55 0.00575903309238
122.765 0.00575742819177
122.98 0.0057558182082
123.195 0.00575420312129
123.41 0.00575258291051
123.625 0.00575095755511
123.84 0.00574932703417
124.055 0.00574769132657
124.27 0.00574605041099
124.485 0.00574440426591
124.7 0.00574275286962
124.915 0.0057410962002
125.13 0.00573943423551
125.345 0.0057377669532
125.56 0.00573609433073
125.775 0.00573441634532
125.99 0.00573273297396
126.205 0.00573104419344
126.42 0.0057293499803
126.635 0.00572765031085
126.85 0.00572594516117
127.065 0.00572423450712
127.28 0.00572251832427
127.495 0.00572079658798
127.71 0.00571906927335
127.925 0.00571733635522
128.14 0.00571559780817
128.355 0.00571385360653
128.57 0.00571210372434
128.785 0.0057103481354
129.0 0.0057085868132
129.215 0.00570681973097
129.43 0.00570504686165
129.645 0.0057032681779
129.86 0.00570148365208
130.075 0.00569969325624
130.29 0.00569789696215
130.505 0.00569609474125
130.72 0.00569428656469
130.935 0.00569247240329
131.15 0.00569065222754
131.365 0.00568882600762
131.58 0.00568699371336
131.795 0.00568515531427
132.01 0.00568331077952
132.225 0.0056814600779
132.44 0.00567960317787
132.655 0.00567774004754
132.87 0.00567587065463
133.085 0.00567399496651
133.3 0.00567211295017
133.515 0.0056702245722
133.73 0.00566832979883
133.945 0.00566642859586
134.16 0.00566452092873
134.375 0.00566260676245
134.59 0.00566068606161
134.805 0.00565875879041
135.02 0.00565682491259
135.235 0.00565488439147
135.45 0.00565293718995
135.665 0.00565098327045
135.88 0.00564902259497
136.095 0.00564705512502
136.31 0.00564508082167
136.525 0.00564309964549
136.74 0.00564111155659
136.955 0.00563911651458
137.17 0.00563711447859
137.385 0.00563510540721
137.6 0.00563308925855
137.815 0.00563106599019
138.03 0.00562903555918
138.245 0.00562699792205
138.46 0.00562495303476
138.675 0.00562290085273
138.89 0.00562084133083
139.105 0.00561877442335
139.32 0.00561670008399
139.535 0.0056146182659
139.75 0.0056125289216
139.965 0.00561043200302
140.18 0.00560832746148
140.395 0.00560621524766
140.61 0.00560409531163
140.825 0.0056019676028
141.04 0.00559983206995
141.255 0.00559768866119
141.47 0.00559553732393
141.685 0.00559337800496
141.9 0.00559121065032
142.115 0.00558903520538
142.33 0.0055868516148
142.545 0.0055846598225
142.76 0.00558245977169
142.975 0.00558025140481
143.19 0.00557803466357
143.405 0.0055758094889
143.62 0.00557357582097
143.835 0.00557133359913
144.05 0.00556908276196
144.265 0.00556682324722
144.48 0.00556455499184
144.695 0.00556227793192
144.91 0.00555999200272
145.125 0.00555769713863
145.34 0.00555539327316
145.555 0.00555308033897
145.77 0.00555075826777
145.985 0.00554842699041
146.2 0.00554608643679
146.415 0.00554373653587
146.63 0.00554137721568
146.845 0.00553900840327
147.06 0.00553663002471
147.275 0.0055342420051
147.49 0.00553184426851
147.705 0.00552943673801
147.92 0.00552701933561
148.135 0.00552459198231
148.35 0.00552215459801
148.565 0.00551970710155
148.78 0.00551724941067
148.995 0.00551478144201
149.21 0.00551230311107
149.425 0.00550981433223
149.64 0.0055073150187
149.855 0.00550480508252
150.07 0.00550228443454
150.285 0.0054997529844
150.5 0.00549721064055
150.715 0.00549465731016
150.93 0.00549209289916
151.145 0.00548951731223
151.36 0.00548693045272
151.575 0.0054843322227
151.79 0.00548172252291
152.005 0.00547910125274
152.22 0.00547646831022
152.435 0.005473823592
152.65 0.00547116699334
152.865 0.00546849840807
153.08 0.00546581772859
153.295 0.00546312484583
153.51 0.00546041964927
153.725 0.00545770202686
153.94 0.00545497186507
154.155 0.00545222904881
154.37 0.00544947346144
154.585 0.00544670498475
154.8 0.00544392349891
155.015 0.00544112888251
155.23 0.00543832101245
155.445 0.00543549976401
155.66 0.00543266501077
155.875 0.00542981662459
156.09 0.00542695447562
156.305 0.00542407843226
156.52 0.00542118836112
156.735 0.00541828412703
156.95 0.00541536559298
157.165 0.00541243262014
157.38 0.00540948506779
157.595 0.00540652279334
157.81 0.00540354565226
158.025 0.00540055349809
158.24 0.0053975461824
158.455 0.00539452355479
158.67 0.00539148546282
158.885 0.005388431752
159.1 0.0053853622658
159.315 0.00538227684558
159.53 0.00537917533057
159.745 0.00537605755788
159.96 0.00537292336242
160.175 0.0053697725769
160.39 0.00536660503181
160.605 0.00536342055537
160.82 0.00536021897354
161.035 0.00535700010992
161.25 0.00535376378582
161.465 0.00535050982014
161.68 0.00534723802938
161.895 0.00534394822762
162.11 0.00534064022649
162.325 0.00533731383509
162.54 0.00533396886003
162.755 0.00533060510536
162.97 0.00532722237254
163.185 0.00532382046041
163.4 0.00532039916516
163.615 0.00531695828032
163.83 0.00531349759668
164.045 0.00531001690229
164.26 0.00530651598244
164.475 0.00530299461959
164.69 0.00529945259335
164.905 0.00529588968045
165.12 0.00529230565472
165.335 0.00528870028702
165.55 0.00528507334524
165.765 0.00528142459423
165.98 0.00527775379581
166.195 0.00527406070867
166.41 0.0052703450884
166.625 0.00526660668742
166.84 0.00526284525493
167.055 0.00525906053689
167.27 0.005255252276
167.485 0.00525142021161
167.7 0.00524756407973
167.915 0.00524368361299
168.13 0.00523977854055
168.345 0.0052358485881
168.56 0.00523189347784
168.775 0.00522791292839
168.99 0.00522390665477
169.205 0.00521987436837
169.42 0.0052158157769
169.635 0.00521173058432
169.85 0.00520761849087
170.065 0.00520347919293
170.28 0.00519931238305
170.495 0.0051951177499
170.71 0.00519089497818
170.925 0.00518664374861
171.14 0.00518236373789
171.355 0.00517805461863
171.57 0.00517371605933
171.785 0.0051693477243
172.0 0.00516494927366
172.215 0.00516052036326
172.43 0.00515606064461
172.645 0.00515156976491
172.86 0.0051470473669
173.075 0.00514249308891
173.29 0.00513790656474
173.505 0.00513328742363
173.72 0.00512863529022
173.935 0.00512394978451
174.15 0.00511923052176
174.365 0.00511447711249
174.58 0.00510968916241
174.795 0.00510486627235
175.01 0.00510000803824
175.225 0.00509511405102
175.44 0.00509018389663
175.655 0.0050852171559
175.87 0.00508021340455
176.085 0.00507517221309
176.3 0.00507009314679
176.515 0.00506497576564
176.73 0.00505981962423
176.945 0.00505462427176
177.16 0.00504938925195
177.375 0.00504411410298
177.59 0.00503879835744
177.805 0.00503344154228
178.02 0.00502804317871
178.235 0.0050226027822
178.45 0.00501711986237
178.665 0.00501159392293
178.88 0.00500602446166
179.095 0.00500041097032
179.31 0.00499475293455
179.525 0.00498904983389
179.74 0.00498330114164
179.955 0.00497750632483
180.17 0.00497166484416
180.385 0.0049657761539
180.6 0.00495983970188
180.815 0.00495385492935
181.03 0.00494782127099
181.245 0.00494173815478
181.46 0.00493560500196
181.675 0.00492942122697
181.89 0.00492318623734
182.105 0.00491689943367
182.32 0.00491056020952
182.535 0.00490416795136
182.75 0.0048977220385
182.965 0.00489122184298
183.18 0.00488466672956
183.395 0.00487805605559
183.61 0.00487138917096
183.825 0.00486466541803
184.04 0.00485788413152
184.255 0.0048510446385
184.47 0.00484414625823
184.685 0.00483718830215
184.9 0.00483017007377
185.115 0.0048230908686
185.33 0.00481594997407
185.545 0.00480874666943
185.76 0.0048014802257
185.975 0.00479414990558
186.19 0.00478675496336
186.405 0.00477929464483
186.62 0.00477176818721
186.835 0.00476417481908
187.05 0.00475651376026
187.265 0.00474878422174
187.48 0.00474098540561
187.695 0.00473311650496
187.91 0.00472517670377
188.125 0.00471716517686
188.34 0.0047090810898
188.555 0.00470092359878
188.77 0.00469269185055
188.985 0.00468438498234
189.2 0.00467600212173
189.415 0.0046675423866
189.63 0.004659004885
189.845 0.0046503887151
190.06 0.00464169296503
190.275 0.00463291671285
190.49 0.00462405902643
190.705 0.00461511896334
190.92 0.00460609557076
191.135 0.00459698788539
191.35 0.00458779493335
191.565 0.00457851573008
191.78 0.00456914928022
191.995 0.00455969457754
192.21 0.0045501506048
192.425 0.00454051633371
192.64 0.00453079072475
192.855 0.00452097272711
193.07 0.00451106127858
193.285 0.00450105530545
193.5 0.00449095372238
193.715 0.00448075543232
193.93 0.00447045932637
194.145 0.0044600642837
194.36 0.00444956917144
194.575 0.00443897284454
194.79 0.00442827414569
195.005 0.00441747190518
195.22 0.00440656494082
195.435 0.00439555205779
195.65 0.00438443204855
195.865 0.00437320369272
196.08 0.00436186575697
196.295 0.00435041699485
196.51 0.00433885614678
196.725 0.0043271819398
196.94 0.00431539308756
197.155 0.00430348829013
197.37 0.00429146623392
197.585 0.00427932559153
197.8 0.00426706502164
198.015 0.00425468316887
198.23 0.00424217866369
198.445 0.00422955012225
198.66 0.00421679614628
198.875 0.00420391532296
199.09 0.00419090622478
199.305 0.00417776740942
199.52 0.00416449741961
199.735 0.00415109478302
199.95 0.00413755801208
200.165 0.00412388560392
200.38 0.00411007604017
200.595 0.00409612778683
200.81 0.00408203929418
201.025 0.00406780899661
201.24 0.00405343531248
201.455 0.00403891664398
201.67 0.004024251377
201.885 0.004009437881
202.1 0.00399447450882
202.315 0.00397935959661
202.53 0.0039640914636
202.745 0.00394866841205
202.96 0.003933088727
203.175 0.00391735067622
203.39 0.00390145251
203.605 0.00388539246101
203.82 0.00386916874417
204.035 0.00385277955649
204.25 0.0038362230769
204.465 0.00381949746613
204.68 0.00380260086652
204.895 0.00378553140188
205.11 0.00376828717736
205.325 0.00375086627924
205.54 0.0037332667748
205.755 0.00371548671217
205.97 0.00369752412016
206.185 0.00367937700807
206.4 0.00366104336559
206.615 0.00364252116257
206.83 0.00362380834888
207.045 0.00360490285427
207.26 0.00358580258816
207.475 0.00356650543951
207.69 0.0035470092766
207.905 0.00352731194692
208.12 0.00350741127695
208.335 0.00348730507201
208.55 0.00346699111609
208.765 0.00344646717164
208.98 0.00342573097945
209.195 0.00340478025842
209.41 0.0033836127054
209.625 0.00336222599503
209.84 0.00334061777952
210.055 0.0033187856885
210.27 0.00329672732883
210.485 0.00327444028439
210.7 0.00325192211594
210.915 0.00322917036087
211.13 0.00320618253308
211.345 0.00318295612275
211.56 0.00315948859614
211.775 0.00313577739545
211.99 0.00311181993855
212.205 0.00308761361886
212.42 0.0030631558051
212.635 0.00303844384112
212.85 0.00301347504571
213.065 0.00298824671236
213.28 0.0029627561091
213.495 0.00293700047828
213.71 0.00291097703638
213.925 0.00288468297376
214.14 0.00285811545453
214.355 0.00283127161628
214.57 0.00280414856988
214.785 0.00277674339931
